ScriptType               MotionData

MotionFileName           "D:\ymir work\monster\e_dark_mon_3\att.GR2"
MotionDuration           1.800000

Group AttackingData
{
    AttackType           0
    HittingType          2
    StiffenTime          0.000000
    InvisibleTime        0.300000
    ExternalForce        0.000000
    HitLimitCount        0
    
    MotionType           2
    HitDataCount         1
    Group HitData00
    {
        AttackingStartTime   0.856785
        AttackingEndTime     1.800000
        AttackingBone        "Bone14"
        WeaponLength         108.000000
        List HitPosition
        {
            0.856785 27.140959 -182.041702 154.119553 -95.230141 -189.371872 196.164017
            0.865118 25.230337 -183.576233 146.967102 -96.487556 -190.556915 190.923782
            0.873452 23.069206 -183.470764 140.442749 -98.222549 -190.050552 185.622147
            0.881785 20.868500 -182.775101 134.798615 -100.233742 -188.810089 180.558777
            0.890118 19.226919 -181.364487 130.994476 -101.881798 -186.878586 176.803055
            0.898452 18.135118 -179.420883 128.955353 -103.200760 -184.364502 174.224838
            0.906785 17.565237 -177.404449 128.464111 -104.169937 -181.716202 172.714706
            0.915118 17.472723 -176.193863 129.046265 -104.658539 -179.915085 172.246582
            0.923452 17.797331 -175.823898 130.592316 -104.712776 -179.021149 172.749283
            0.931785 18.500324 -176.224823 133.096008 -104.369774 -178.973389 174.224533
            0.940118 19.641729 -176.729080 137.094360 -103.538139 -179.065338 177.311646
            0.948452 21.219284 -176.900406 142.658173 -102.201538 -178.885895 182.149017
            0.956785 23.211363 -176.398651 149.725281 -100.383583 -178.109467 188.680634
            0.965118 25.383488 -175.163986 157.421112 -98.340431 -176.714783 195.971710
            0.973452 27.461636 -173.799866 164.755737 -96.368370 -175.342590 202.964645
            0.981785 29.493475 -172.398941 171.826324 -94.413696 -174.096481 209.777420
            0.990118 31.476349 -171.079788 178.568741 -92.467407 -173.092285 216.384827
            0.998452 33.172512 -171.617065 184.099350 -90.733711 -174.063690 222.012558
            1.006785 34.618977 -174.943024 188.345535 -89.166695 -177.925308 226.612839
            1.015118 35.755939 -181.182755 190.959122 -87.824883 -184.782730 229.830597
            1.023452 36.269581 -189.566025 190.968323 -87.024437 -193.839798 230.673187
            1.031785 35.945869 -198.363861 188.098373 -86.973175 -203.280655 228.876892
            1.040118 34.472504 -207.131775 181.866638 -87.981422 -212.627640 223.949707
            1.048452 31.709747 -214.737061 172.545380 -90.221092 -220.701981 216.059143
            1.056785 28.723356 -219.134979 163.365021 -92.932472 -225.353165 207.606903
            1.065118 26.187027 -221.047333 155.482376 -95.511528 -227.313263 199.599945
            1.073452 24.439095 -221.374756 149.203445 -97.616745 -227.483704 192.345169
            1.081785 23.476961 -220.823486 144.516052 -99.110924 -226.574249 186.172913
            1.090118 23.093628 -219.707123 141.067291 -100.099297 -224.923630 180.972916
            1.098451 23.261255 -218.016129 138.920975 -100.610435 -222.508774 176.759842
            1.106785 23.817831 -215.739136 138.120361 -100.751274 -219.308487 173.700623
            1.115118 24.266806 -213.075043 137.834717 -100.855148 -215.650879 171.509735
            1.123451 24.550947 -210.028900 137.990967 -100.985374 -211.551743 170.154160
            1.131785 24.689299 -206.610977 138.708618 -101.142120 -207.023224 169.731979
            1.140118 24.801071 -203.021027 139.764359 -101.261047 -202.501648 169.834671
            1.148451 24.902822 -199.395309 140.927917 -101.346069 -198.215317 170.185165
            1.156785 24.989079 -195.808670 142.191208 -101.406914 -194.227753 170.787216
            1.165118 25.077959 -192.328888 143.643204 -101.453407 -190.599411 171.624985
            1.173451 25.236391 -189.066986 145.326401 -101.454834 -187.508392 172.585541
            1.181785 25.463575 -186.072510 147.226715 -101.405006 -185.013840 173.672592
            1.190118 25.736198 -183.301422 149.179840 -101.315926 -183.080994 174.750778
            1.198451 25.989391 -180.469299 151.192245 -101.234901 -181.277191 175.879990
            1.206785 26.214111 -177.534332 153.295502 -101.163437 -179.533783 177.109894
            1.215118 26.408510 -174.500137 155.484726 -101.096420 -177.855270 178.449799
            1.223451 26.512171 -171.556503 157.694122 -101.086578 -176.150085 179.911835
            1.231785 26.499807 -168.835602 159.888474 -101.166862 -174.366104 181.494095
            1.240118 26.388193 -166.353073 162.073227 -101.331795 -172.523590 183.184464
            1.248451 26.226503 -164.023956 164.175415 -101.537811 -170.612732 184.888062
            1.256785 25.996752 -161.597076 166.268982 -101.805939 -168.296326 186.707947
            1.265118 25.699257 -159.059525 168.358307 -102.139015 -165.550461 188.641266
            1.273451 25.342451 -156.423523 170.442383 -102.529480 -162.401306 190.670914
            1.281785 25.000822 -153.789948 172.543915 -102.901474 -159.160583 192.750763
            1.290118 24.695089 -151.187485 174.672821 -103.234169 -155.920242 194.868881
            1.298451 24.426310 -148.618668 176.827209 -103.526588 -152.690109 197.017578
            1.306785 24.211691 -146.031281 178.956375 -103.761497 -149.541153 199.123352
            1.315118 24.056349 -143.351196 181.029404 -103.933456 -146.501480 201.150375
            1.323451 23.958654 -140.579681 183.046051 -104.044876 -143.572617 203.103668
            1.331785 23.921370 -137.729065 185.022186 -104.093422 -140.751907 205.002731
            1.340118 23.963459 -134.819977 187.037766 -104.061638 -137.987823 206.930084
            1.348451 24.086843 -131.851685 189.102127 -103.946701 -135.271286 208.897873
            1.356785 24.273241 -128.828705 191.216782 -103.766579 -132.569504 210.913803
            1.365118 24.461294 -125.763458 193.356293 -103.583313 -129.800598 212.963821
            1.373451 24.639013 -122.653175 195.503601 -103.408890 -126.956749 215.032593
            1.381785 24.806387 -119.497841 197.657715 -103.243698 -124.037941 217.118408
            1.390118 24.968168 -116.305939 199.815521 -103.082451 -121.072914 219.218567
            1.398451 25.134245 -113.078400 201.974335 -102.912773 -118.104149 221.335754
            1.406785 25.304724 -109.813965 204.133224 -102.734116 -115.131447 223.470932
            1.415118 25.480837 -106.532188 206.246536 -102.544868 -112.183136 225.576553
            1.423451 25.651365 -103.336586 208.246613 -102.359322 -109.327522 227.573532
            1.431785 25.814833 -100.252815 210.131943 -102.179947 -106.578979 229.457901
            1.440118 25.973227 -97.286804 211.906677 -102.004478 -103.944046 231.233932
            1.448451 26.125607 -94.325027 213.621246 -101.835304 -101.305511 232.945969
            1.456784 26.268566 -91.249901 215.319946 -101.676857 -98.542221 234.631805
            1.465118 26.400282 -88.062637 216.996216 -101.531395 -95.656090 236.283386
            1.473451 26.525507 -84.815567 218.579453 -101.392036 -92.722107 237.834518
            1.481784 26.670116 -81.610847 220.021194 -101.223900 -89.906029 239.268768
            1.490118 26.836004 -78.460526 221.321060 -101.023445 -87.224800 240.590576
            1.498451 27.022741 -75.374985 222.475922 -100.790260 -84.686958 241.796356
            1.506784 27.231962 -72.445213 223.414078 -100.529861 -82.359840 242.773590
            1.515118 27.466581 -69.710777 224.111099 -100.241982 -80.273796 243.478638
            1.523451 27.728998 -67.185860 224.556244 -99.924294 -78.445503 243.896179
            1.531784 28.010427 -64.843109 224.729309 -99.581505 -76.852623 244.022705
            1.540118 28.290707 -62.541893 224.728653 -99.225883 -75.345497 244.009384
            1.548451 28.566687 -60.280022 224.557449 -98.860077 -73.921524 243.857559
            1.556784 28.836239 -58.039146 224.179840 -98.487251 -72.561737 243.518478
            1.565118 29.103394 -55.978962 223.498978 -98.114197 -71.422462 242.821060
            1.573451 29.371229 -54.134510 222.501129 -97.739914 -70.537552 241.732895
            1.581784 29.641573 -52.491371 221.167603 -97.362549 -69.889473 240.231064
            1.590118 29.908216 -50.879578 219.491821 -96.985123 -69.311729 238.319977
            1.598451 30.164469 -49.186836 217.502640 -96.611343 -68.697426 236.033615
            1.606784 30.407793 -47.409397 215.205841 -96.243279 -68.041328 233.371841
            1.615118 30.648220 -45.612514 212.606995 -95.869835 -67.411720 230.330978
            1.623451 30.924227 -43.960629 209.662018 -95.450706 -66.984749 226.850266
            1.631784 31.241102 -42.453156 206.363586 -94.979683 -66.755272 222.913208
            1.640118 31.595579 -41.080421 202.800980 -94.460449 -66.693932 218.612167
            1.648451 31.936598 -39.682831 199.102478 -93.941414 -66.620712 214.110458
            1.656784 32.244328 -38.198017 195.291901 -93.440895 -66.469200 209.439011
            1.665118 32.515827 -36.629967 191.387115 -92.961159 -66.240852 204.611588
            1.673451 32.772457 -35.097511 187.399521 -92.485909 -66.033875 199.624344
            1.681784 33.049339 -33.727524 183.288055 -91.987991 -65.944939 194.417465
            1.690118 33.349308 -32.509613 179.054214 -91.465553 -65.955788 188.993011
            1.698451 33.665783 -31.409208 174.831512 -90.926064 -66.015869 183.514847
            1.706784 33.963139 -30.260166 170.739044 -90.399940 -65.977043 178.107513
            1.715118 34.233803 -29.042179 166.797379 -89.893173 -65.821495 172.792618
            1.723451 34.475597 -27.762856 163.016785 -89.407417 -65.555794 167.582672
            1.731784 34.713406 -26.507147 159.353973 -88.912270 -65.280365 162.436951
            1.740118 34.964111 -25.324268 155.777634 -88.386833 -65.052284 157.324509
            1.748451 35.227585 -24.213430 152.302261 -87.831345 -64.866394 152.263687
            1.756784 35.498875 -23.179865 148.996964 -87.255882 -64.709503 147.349075
            1.765118 35.772968 -22.243231 145.868332 -86.673943 -64.578598 142.606720
            1.773451 36.050941 -21.408182 142.913193 -86.085266 -64.479462 138.038284
            1.781784 36.333916 -20.654537 140.111755 -85.489540 -64.394333 133.628174
            1.790118 36.623070 -19.973835 137.452560 -84.886078 -64.317314 129.368805
            1.798451 36.919453 -19.369656 134.932632 -84.274406 -64.254654 125.260887
        }
    }
}

Group MotionEventData
{
    MotionEventDataCount     1
    Group Event00
    {
        MotionEventType      1
        StartingTime         0.800418
        
        IndependentFlag      0
        AttachingEnable      0
        AttachingBoneName    "Bone36"
        FollowingEnable      0
        EffectFileName       "d:/ymir work/effect/mehok/monster/el/1.mse"
        EffectPosition       0.000000 -200.000000 0.000000
    }
}
