ScriptType               MotionData

MotionFileName           "D:\ymir work\monster\e_dark_mon_4\att.GR2"
MotionDuration           1.766667

Group AttackingData
{
    AttackType           0
    HittingType          2
    StiffenTime          0.000000
    InvisibleTime        0.300000
    ExternalForce        0.000000
    HitLimitCount        2
    
    MotionType           2
    HitDataCount         1
    Group HitData00
    {
        AttackingStartTime   0.874113
        AttackingEndTime     1.700279
        AttackingBone        "Bone30"
        WeaponLength         106.000000
        List HitPosition
        {
            0.874113 89.374008 -146.406403 -8.740196 -73.318199 -280.861755 11.184598
            0.882446 89.248932 -146.317413 -8.418762 -73.177437 -280.681641 14.118232
            0.890779 89.110741 -146.587769 -8.633644 -72.705841 -281.494720 15.020328
            0.899113 89.020363 -146.698013 -8.905048 -72.491028 -281.680939 16.347214
            0.907446 88.978996 -146.661057 -9.106594 -72.520004 -281.191193 18.528635
            0.915779 88.971161 -146.450760 -9.209862 -72.723656 -280.071625 21.518589
            0.924113 88.956490 -146.254898 -9.229420 -72.845978 -278.966827 24.704565
            0.932446 89.013260 -146.295853 -9.193066 -72.866753 -278.099091 27.776503
            0.940779 89.141785 -146.562622 -9.097019 -72.792641 -277.460632 30.739450
            0.949113 89.283821 -146.789398 -9.030502 -72.703766 -276.745697 33.576752
            0.957446 89.331116 -146.794067 -9.018681 -72.661995 -275.747223 36.514881
            0.965779 89.280113 -146.575790 -9.063541 -72.663635 -274.460358 39.554771
            0.974113 89.142838 -146.247498 -9.127594 -72.709938 -272.993561 42.670979
            0.982446 88.993141 -146.061859 -9.171124 -72.860794 -271.567657 45.561005
            0.990779 88.841125 -146.032898 -9.201195 -73.133125 -270.200439 48.163853
            0.999113 88.676712 -146.130569 -9.240208 -73.530571 -268.890289 50.449348
            1.007446 88.569725 -146.255371 -9.339794 -73.817505 -267.746918 52.419193
            1.015779 88.578697 -146.413193 -9.493408 -73.863968 -266.861206 54.135422
            1.024113 88.700035 -146.599121 -9.723026 -73.676987 -266.236908 55.580231
            1.032446 88.810059 -146.664154 -10.087448 -73.441612 -265.633240 56.731342
            1.040779 88.790634 -146.389923 -10.371498 -73.389824 -264.681915 57.808521
            1.049113 88.654961 -145.786133 -10.571499 -73.512970 -263.389618 58.818726
            1.057446 88.418747 -144.853531 -10.757530 -73.785637 -261.789673 59.667446
            1.065779 88.266823 -143.902008 -10.915180 -73.984055 -260.209412 60.437782
            1.074113 88.229431 -142.980118 -11.019417 -74.074669 -258.694763 61.171429
            1.082446 88.396500 -142.147171 -10.919434 -73.987877 -257.298431 61.988224
            1.090779 88.641769 -141.359772 -10.616722 -73.829491 -255.891708 63.068707
            1.099113 88.740105 -140.473694 -10.371254 -73.773270 -254.301559 64.305527
            1.107446 88.711037 -139.511734 -10.178238 -73.791519 -252.550644 65.710800
            1.115779 88.671700 -138.562531 -9.977573 -73.834274 -250.759842 67.142845
            1.124113 88.671211 -137.638428 -9.879562 -73.954758 -249.022385 68.161469
            1.132446 88.704689 -136.747070 -9.886330 -74.164246 -247.344803 68.763824
            1.140779 88.653694 -135.850632 -10.033184 -74.540207 -245.628128 69.091255
            1.149113 88.731712 -135.072922 -9.865795 -74.765564 -243.993347 69.814720
            1.157446 88.993126 -134.442444 -9.294777 -74.781128 -242.472549 71.026115
            1.165779 89.340134 -133.907990 -8.406315 -74.674797 -240.985107 72.696022
            1.174113 89.492157 -133.252060 -7.856590 -74.713829 -239.404877 74.070007
            1.182446 89.439041 -132.433624 -7.855927 -74.915779 -237.775955 74.814919
            1.190779 89.196922 -131.457855 -8.392544 -75.261108 -236.116318 74.939095
            1.199113 88.971207 -130.469711 -8.987556 -75.589500 -234.504242 74.920540
            1.207446 88.878418 -129.611572 -9.123360 -75.821175 -232.923599 75.402756
            1.215779 88.923347 -128.883957 -8.795567 -75.955292 -231.375244 76.378059
            1.224113 89.223000 -128.281128 -8.056683 -75.887970 -229.996445 77.595879
            1.232446 89.435707 -127.624557 -7.657627 -75.916122 -228.699661 78.287682
            1.240779 89.494926 -126.892097 -7.705692 -76.095535 -227.455978 78.379585
            1.249112 89.394577 -126.087303 -8.169441 -76.426384 -226.247055 77.943634
            1.257446 89.316292 -125.305321 -8.490242 -76.726501 -225.018845 77.713142
            1.265779 89.344803 -124.586182 -8.442348 -76.919365 -223.758194 77.958702
            1.274112 89.428085 -123.910736 -8.062424 -77.054176 -222.422592 78.673141
            1.282446 89.376350 -123.153931 -7.754520 -77.249863 -221.013336 79.442116
            1.290779 89.344566 -122.318588 -7.734962 -77.325272 -219.850540 79.744644
            1.299112 89.337265 -121.405624 -8.007530 -77.272713 -218.944183 79.578644
            1.307446 89.276215 -120.421852 -8.535419 -77.176704 -218.190689 79.092628
            1.315779 89.190918 -119.494614 -8.978626 -77.112328 -217.444153 78.731834
            1.324112 89.092377 -118.644608 -9.300091 -77.081337 -216.700119 78.537270
            1.332446 89.097656 -117.933426 -9.388519 -76.989845 -216.045242 78.549194
            1.340779 89.141579 -117.259399 -9.374496 -76.863876 -215.429398 78.653023
            1.349112 89.109566 -116.536499 -9.399055 -76.783234 -214.771042 78.768677
            1.357446 89.041458 -115.794022 -9.415970 -76.714500 -214.102951 78.926155
            1.365779 89.098724 -115.135178 -9.242821 -76.507484 -213.582474 79.225967
            1.374112 89.234756 -114.515732 -8.939766 -76.173317 -213.209686 79.624771
            1.382446 89.438904 -113.925133 -8.517906 -75.718742 -212.974548 80.117256
            1.390779 89.550621 -113.211121 -8.230602 -75.262054 -212.770889 80.474754
            1.399112 89.630150 -112.471069 -7.967381 -74.774384 -212.621933 80.829994
            1.407446 89.692482 -111.723450 -7.702557 -74.246002 -212.535660 81.208076
            1.415779 89.727478 -110.954239 -7.443966 -73.682182 -212.513290 81.590050
            1.424112 89.721260 -110.144112 -7.193779 -73.137314 -212.572006 81.854515
            1.432446 89.676033 -109.291763 -6.949066 -72.625076 -212.720520 81.960022
            1.440779 89.588341 -108.390442 -6.715954 -72.139114 -212.961472 81.901924
            1.449112 89.475761 -107.463882 -6.578533 -71.637085 -213.346664 81.600288
            1.457446 89.385529 -106.560272 -6.604813 -71.073143 -213.933243 80.962692
            1.465779 89.321594 -105.679947 -6.790726 -70.441017 -214.720840 79.984879
            1.474112 89.296051 -104.808311 -7.046623 -69.705910 -215.684296 78.795555
            1.482446 89.339905 -103.897125 -7.070595 -68.759743 -216.745438 77.863396
            1.490779 89.451973 -102.944580 -6.839657 -67.588013 -217.901001 77.228447
            1.499112 89.616692 -101.963287 -6.376480 -66.227295 -219.119339 76.876938
            1.507446 89.652237 -100.931007 -6.069752 -64.922539 -220.378983 76.288109
            1.515779 89.503433 -99.833633 -6.040188 -63.741055 -221.685699 75.275200
            1.524112 89.174812 -98.666725 -6.275764 -62.678120 -223.037521 73.827950
            1.532446 88.856636 -97.504562 -6.552887 -61.554829 -224.491562 72.153519
            1.540779 88.741554 -96.432152 -6.652916 -60.182529 -226.109970 70.478676
            1.549112 88.828300 -95.456520 -6.579372 -58.555546 -227.886948 68.814095
            1.557446 89.075401 -94.569031 -6.364922 -56.764133 -229.733231 67.156914
            1.565779 89.329765 -93.675270 -6.108238 -54.959385 -231.533066 65.444916
            1.574112 89.578362 -92.767883 -5.816277 -53.148029 -233.280914 63.676647
            1.582446 89.806633 -91.832794 -5.513683 -51.333790 -234.976242 61.816582
            1.590779 89.850845 -90.685432 -5.512600 -49.611217 -236.578934 59.367447
            1.599112 89.665833 -89.263618 -5.887318 -47.997234 -238.063644 56.172665
            1.607445 89.262543 -87.562851 -6.607834 -46.494625 -239.393631 52.225765
            1.615779 88.881050 -85.864998 -7.237309 -44.947315 -240.622086 48.298397
            1.624112 88.723869 -84.441879 -7.408112 -43.183506 -241.870346 45.134384
            1.632445 88.784073 -83.306450 -7.148125 -41.213284 -243.165604 42.749065
            1.640779 89.000229 -82.377800 -6.621311 -39.094128 -244.490067 40.870205
            1.649112 89.208366 -81.394814 -6.258945 -36.957500 -245.741257 38.645538
            1.657445 89.399719 -80.338234 -6.080330 -34.806919 -246.904160 36.020649
            1.665779 89.594124 -79.209030 -6.066200 -32.671040 -247.939087 32.989944
            1.674112 89.707138 -77.984085 -6.012287 -30.706511 -248.723206 29.941675
            1.682445 89.706497 -76.657600 -5.862747 -28.954145 -249.236984 27.000559
            1.690779 89.586754 -75.230644 -5.619568 -27.415655 -249.490616 24.178158
            1.699112 89.413361 -73.720116 -5.392700 -25.944929 -249.571884 21.301737
        }
    }
}

Group MotionEventData
{
    MotionEventDataCount     1
    Group Event00
    {
        MotionEventType      1
        StartingTime         0.733960
        
        IndependentFlag      0
        AttachingEnable      0
        AttachingBoneName    "Bone41"
        FollowingEnable      0
        EffectFileName       "d:/ymir work/effect/mehok/monster/el/1.mse"
        EffectPosition       0.000000 -150.000000 -100.000000
    }
}
