ScriptType               MotionData

MotionFileName           "D:\ymir work\monster\e_ice_mon_3\att.GR2"
MotionDuration           2.000000

Group AttackingData
{
    AttackType           0
    HittingType          2
    StiffenTime          0.000000
    InvisibleTime        0.300000
    ExternalForce        0.000000
    HitLimitCount        2
    
    MotionType           0
    HitDataCount         1
    Group HitData00
    {
        AttackingStartTime   1.252610
        AttackingEndTime     2.000000
        AttackingBone        "Bip01-R-Hand"
        WeaponLength         90.000000
        List HitPosition
        {
            1.252610 63.796505 -52.026062 131.244690 199.857132 -168.316727 112.166267
            1.260943 64.971046 -53.236942 131.652954 199.529495 -172.535278 123.783142
            1.269276 65.995857 -54.086090 132.062485 199.692154 -174.561646 135.369720
            1.277610 66.877327 -54.491333 132.471649 200.700668 -174.031677 146.663666
            1.285943 67.619812 -54.452805 132.876846 202.611191 -170.932648 157.570114
            1.294276 68.228798 -54.369656 133.259430 204.301285 -166.886169 168.249557
            1.302610 68.731956 -54.649700 133.607590 204.598709 -163.671936 178.932602
            1.310943 69.126244 -55.302711 133.924927 203.534164 -161.297897 189.598343
            1.319276 69.417755 -56.289154 134.206192 201.227066 -159.600632 200.183792
            1.327610 69.663200 -57.285381 134.485840 198.536331 -157.384750 210.458405
            1.335943 69.879272 -58.177017 134.789795 195.805283 -154.230972 220.324966
            1.344276 70.069641 -58.963364 135.116257 193.048233 -150.177902 229.753387
            1.352610 70.234619 -59.659473 135.461182 190.235565 -145.316422 238.721268
            1.360943 70.374687 -60.320271 135.795303 187.166626 -140.011749 247.190643
            1.369276 70.490204 -60.956093 136.110641 183.819962 -134.363785 255.138626
            1.377609 70.580849 -61.567810 136.405136 180.218903 -128.404663 262.549225
            1.385943 70.634293 -62.178387 136.676910 176.351059 -122.199425 269.422638
            1.394276 70.612961 -62.865963 136.950500 172.115067 -115.816933 275.851593
            1.402609 70.511612 -63.636208 137.227554 167.526627 -109.262589 281.817749
            1.410943 70.327484 -64.488541 137.507675 162.614212 -102.533035 287.293396
            1.419276 70.076637 -65.408432 137.791107 157.464706 -95.558601 292.239471
            1.427609 69.783348 -66.373009 138.074982 152.187180 -88.272133 296.599579
            1.435943 69.445908 -67.381187 138.359802 146.819382 -80.676651 300.336823
            1.444276 69.060394 -68.434845 138.643677 141.404114 -72.803192 303.408051
            1.452609 68.599388 -69.512169 138.916031 136.130997 -65.473335 305.718872
            1.460943 68.047760 -70.594406 139.170746 131.133224 -59.192917 307.367767
            1.469276 67.403412 -71.678772 139.404846 126.440926 -53.984158 308.524567
            1.477609 66.662064 -72.760468 139.606873 122.063774 -49.747662 309.315582
            1.485943 65.796837 -73.820473 139.678406 117.989456 -45.366146 309.579132
            1.494276 64.801071 -74.848946 139.593124 114.220100 -40.562519 309.246246
            1.502609 63.674454 -75.839722 139.351379 110.754890 -35.367733 308.305328
            1.510943 62.429039 -76.798317 138.991928 107.573402 -30.038443 306.847504
            1.519276 61.086609 -77.802666 138.652985 104.652184 -25.558832 305.304230
            1.527609 59.646072 -78.853485 138.349396 101.997963 -22.007227 303.802826
            1.535943 58.104057 -79.942230 138.082031 99.608757 -19.356256 302.419220
            1.544276 56.467377 -81.016876 137.799240 97.600121 -17.319807 301.049896
            1.552609 54.754234 -81.993568 137.408264 96.180565 -15.442916 299.441803
            1.560943 52.966389 -82.865944 136.908401 95.328537 -13.746375 297.619110
            1.569276 51.103634 -83.630791 136.301636 95.015068 -12.258101 295.605499
            1.577609 49.113354 -84.380112 135.636017 95.065475 -11.405150 293.632996
            1.585943 46.952877 -85.171341 134.946243 95.343254 -11.493697 291.885651
            1.594276 44.616016 -85.987160 134.232452 95.810143 -12.526450 290.381927
            1.602609 42.104511 -86.799324 133.495804 96.405022 -14.475097 289.125641
            1.610943 39.530117 -87.453049 132.749298 96.954399 -16.829557 288.038666
            1.619276 36.941914 -87.897713 131.999283 97.393341 -19.415594 287.098724
            1.627609 34.354996 -88.130333 131.249008 97.700363 -22.226011 286.310211
            1.635943 31.758430 -88.159554 130.473297 97.947128 -25.340185 285.627350
            1.644276 28.963270 -88.063652 129.534180 98.550331 -29.300505 284.790558
            1.652609 25.940027 -87.823708 128.420273 99.477135 -34.221333 283.723419
            1.660943 22.687462 -87.404762 127.142578 100.613953 -40.141552 282.363861
            1.669276 19.262131 -86.803169 125.775581 101.733269 -46.862682 280.705444
            1.677609 15.789124 -86.072083 124.457626 102.536919 -53.892910 278.857513
            1.685943 12.276569 -85.209259 123.192940 102.973701 -61.206402 276.808960
            1.694276 8.728576 -84.209755 121.981316 102.998001 -68.789757 274.544403
            1.702609 5.132527 -83.024895 120.797508 102.487610 -76.849457 272.071564
            1.710943 1.483721 -81.600861 119.622238 101.281059 -85.553566 269.371582
            1.719276 -2.202017 -79.920952 118.461777 99.261681 -94.838806 266.389282
            1.727609 -5.904721 -77.971214 117.324753 96.318649 -104.590118 263.070465
            1.735942 -9.566903 -75.782959 116.256317 92.574379 -114.046684 259.445099
            1.744276 -13.160085 -73.375160 115.274399 88.156502 -122.887085 255.572205
            1.752609 -16.671410 -70.751839 114.380905 83.134796 -131.073547 251.493927
            1.760942 -20.074432 -67.921974 113.575691 77.573471 -138.640640 247.231064
            1.769276 -23.343563 -64.896317 112.846077 71.294243 -146.056396 242.679428
            1.777609 -26.465366 -61.681286 112.191078 64.223015 -153.324570 237.798065
            1.785942 -29.428167 -58.283104 111.612297 56.324757 -160.344620 232.566360
            1.794276 -32.275993 -54.682415 111.099136 47.623867 -166.984360 226.875946
            1.802609 -35.142933 -50.803341 110.628922 38.233086 -173.070801 220.477036
            1.810942 -38.017998 -46.623154 110.219910 28.133802 -178.475586 213.364777
            1.819276 -40.879082 -42.125320 109.895744 17.309080 -183.059158 205.560745
            1.827609 -43.563770 -37.463409 109.718781 5.818305 -186.526276 197.705658
            1.835942 -45.907658 -32.848610 109.723938 -6.155361 -188.681717 190.568237
            1.844276 -47.922993 -28.311350 109.886559 -18.454319 -189.579651 184.210831
            1.852609 -49.629356 -23.869823 110.182968 -30.936745 -189.286346 178.651672
            1.860942 -51.148071 -19.256443 110.572067 -43.552731 -187.912704 173.001022
            1.869276 -52.502827 -14.330602 111.055252 -56.275711 -185.429092 166.831909
            1.877609 -53.650860 -9.093884 111.654366 -69.045853 -181.745697 160.175674
            1.885942 -54.541183 -3.611531 112.390755 -81.762886 -176.799728 153.192383
            1.894276 -55.105141 1.727973 113.254578 -94.406944 -170.679031 146.887878
            1.902609 -55.368454 6.822121 114.219742 -106.884010 -163.477371 141.500076
            1.910942 -55.373730 11.653833 115.263092 -119.092445 -155.275421 137.047241
            1.919276 -55.185081 16.276308 116.375549 -130.861877 -146.150116 133.424408
            1.927609 -54.894524 20.896353 117.585938 -141.869949 -136.183990 130.274857
            1.935942 -54.503937 25.532627 118.903442 -152.064407 -125.484947 127.600975
            1.944276 -54.007961 30.186218 120.336136 -161.423172 -114.160561 125.428810
            1.952609 -53.360004 34.809582 121.882492 -169.791672 -102.450493 123.699905
            1.960942 -52.511009 39.324135 123.530853 -176.995346 -90.684036 122.294777
            1.969276 -51.481228 43.714718 125.281204 -183.101105 -79.002266 121.190147
            1.977609 -50.224739 47.934582 127.109482 -188.500504 -67.112007 120.470909
            1.985942 -48.709869 51.943035 128.988678 -193.405945 -54.762314 120.214577
            1.994276 -46.954456 55.725368 130.906570 -197.757095 -41.991333 120.417694
        }
    }
}

Group MotionEventData
{
    MotionEventDataCount     1
    Group Event00
    {
        MotionEventType      1
        StartingTime         1.177453
        
        IndependentFlag      0
        AttachingEnable      0
        AttachingBoneName    "Bip01-L-Finger42"
        FollowingEnable      0
        EffectFileName       "d:/ymir work/effect/mehok/monster/el/21.mse"
        EffectPosition       0.000000 130.000000 -70.000000
    }
}
