ScriptType               MotionData

MotionFileName           "D:\ymir work\monster\e_wind_mon_4\att.GR2"
MotionDuration           1.800000

Group AttackingData
{
    AttackType           0
    HittingType          2
    StiffenTime          0.000000
    InvisibleTime        0.300000
    ExternalForce        0.000000
    HitLimitCount        2
    
    MotionType           2
    HitDataCount         1
    Group HitData00
    {
        AttackingStartTime   0.864301
        AttackingEndTime     1.499374
        AttackingBone        "Bone81"
        WeaponLength         127.000000
        List HitPosition
        {
            0.864301 35.445999 -239.337601 113.575081 -107.976173 -238.394577 141.139587
            0.872634 36.373386 -239.695282 111.072701 -107.623161 -239.806000 135.477356
            0.880967 37.187531 -240.638947 108.460991 -107.220360 -242.742828 130.199112
            0.889301 38.375923 -241.481491 106.082558 -106.328033 -246.015015 125.339180
            0.897634 40.084408 -242.157089 103.967819 -104.788857 -249.668686 120.876839
            0.905967 42.229595 -242.656799 102.144409 -102.660545 -253.565826 116.924309
            0.914301 44.357845 -242.954330 100.471542 -100.438240 -256.936859 113.478722
            0.922634 46.437744 -243.031067 98.853119 -98.196831 -259.698395 110.413765
            0.930967 48.482281 -242.889587 97.252464 -95.946632 -261.887970 107.738159
            0.939301 50.662724 -242.614227 95.609772 -93.499352 -264.001465 105.121834
            0.947634 52.724850 -242.390533 94.088219 -91.129890 -266.190430 102.453674
            0.955967 54.668812 -242.223312 92.704849 -88.832603 -268.460236 99.745590
            0.964301 56.445873 -242.096390 91.543915 -86.668617 -270.693573 97.115959
            0.972634 58.193680 -241.853485 90.534302 -84.505333 -272.671112 94.761551
            0.980967 59.954620 -241.467316 89.617088 -82.303886 -274.386993 92.686348
            0.989300 61.735382 -240.937134 88.774574 -80.062355 -275.859863 90.872810
            0.997634 63.506992 -240.311279 87.966774 -77.799126 -277.217163 89.032631
            1.005967 65.205200 -239.634216 87.167007 -75.584862 -278.476685 87.021667
            1.014300 66.828850 -238.914307 86.372833 -73.421417 -279.633942 84.832779
            1.022634 68.304138 -238.179047 85.685860 -71.404381 -280.641937 82.680252
            1.030967 69.408981 -237.502594 85.084099 -69.842781 -281.336853 80.828468
            1.039300 70.128792 -236.903030 84.547203 -68.775986 -281.715790 79.266800
            1.047634 70.485451 -236.390503 84.078102 -68.187744 -281.810944 77.968605
            1.055967 70.666000 -235.937363 83.746056 -67.837746 -281.764801 76.879135
            1.064300 70.714706 -235.541595 83.561783 -67.672752 -281.606812 75.977592
            1.072634 70.628914 -235.211136 83.512024 -67.698853 -281.338989 75.250328
            1.080967 70.348053 -234.972717 83.507919 -67.999702 -280.925140 74.627007
            1.089300 69.796333 -234.851486 83.551109 -68.666916 -280.330902 74.056404
            1.097634 68.969513 -234.845871 83.645363 -69.701576 -279.553253 73.537102
            1.105967 67.941162 -234.926163 83.826553 -70.997063 -278.651947 73.110870
            1.114300 67.059532 -234.949844 84.253769 -72.079788 -277.888947 72.980545
            1.122634 66.363350 -234.900345 84.948593 -72.900757 -277.295166 73.167847
            1.130967 65.828461 -234.778183 85.878029 -73.494530 -276.852753 73.653351
            1.139300 65.109917 -234.678040 86.770515 -74.304428 -276.318268 74.108421
            1.147634 64.048744 -234.649826 87.537010 -75.529724 -275.579071 74.374580
            1.155967 62.640820 -234.687286 88.179482 -77.169807 -274.623779 74.444008
            1.164300 61.025814 -234.751678 88.794754 -79.048317 -273.533478 74.448540
            1.172634 59.500084 -234.777634 89.583244 -80.803589 -272.504791 74.678856
            1.180967 58.073288 -234.764084 90.553635 -82.425148 -271.554443 75.150696
            1.189300 56.707897 -234.712387 91.660393 -83.964378 -270.656830 75.851654
            1.197634 55.233116 -234.638382 92.795860 -85.633957 -269.653046 76.638878
            1.205967 53.618813 -234.542557 93.948112 -87.468185 -268.509460 77.476593
            1.214300 51.867085 -234.420837 95.115097 -89.462181 -267.222687 78.361549
            1.222634 49.964653 -234.274017 96.242416 -91.614090 -265.770721 79.095520
            1.230967 47.899502 -234.102432 97.281273 -93.918938 -264.134796 79.499870
            1.239300 45.673077 -233.901871 98.229149 -96.367287 -262.312927 79.575661
            1.247634 43.327148 -233.652405 99.076477 -98.915367 -260.344055 79.449333
            1.255967 41.121353 -233.297974 100.018684 -101.280357 -258.496704 79.589020
            1.264300 39.084373 -232.839249 101.074417 -103.442093 -256.803497 80.037895
            1.272634 37.216373 -232.281982 102.234978 -105.410500 -255.263214 80.786308
            1.280967 35.464577 -231.640976 103.369675 -107.247757 -253.761826 81.587372
            1.289300 33.808578 -230.925949 104.423645 -108.978172 -252.255630 82.342178
            1.297634 32.246029 -230.142471 105.388618 -110.608498 -250.745041 83.056641
            1.305967 30.761074 -229.299606 106.196877 -112.167625 -249.223129 83.723709
            1.314300 29.392918 -228.406052 106.829048 -113.610558 -247.739120 84.315697
            1.322634 28.146074 -227.467850 107.284676 -114.935158 -246.301575 84.842407
            1.330967 27.017952 -226.477203 107.577728 -116.147400 -244.897842 85.330025
            1.339300 25.974052 -225.407135 107.776619 -117.290680 -243.460037 85.869781
            1.347633 25.008045 -224.254333 107.892296 -118.371819 -241.976395 86.474022
            1.355967 24.124571 -223.016403 107.942116 -119.380516 -240.451462 87.135391
            1.364300 23.218637 -221.728912 108.006905 -120.412735 -238.903015 87.865204
            1.372633 22.201380 -220.422501 108.104584 -121.560959 -237.332748 88.687233
            1.380967 21.071047 -219.095413 108.234039 -122.827965 -235.736191 89.612373
            1.389300 19.870905 -217.742844 108.357300 -124.170898 -234.110641 90.618576
            1.397633 18.735266 -216.312393 108.382652 -125.452805 -232.423660 91.624809
            1.405967 17.674582 -214.801788 108.304573 -126.659821 -230.679611 92.617958
            1.414300 16.704576 -213.209686 108.155220 -127.767540 -228.898331 93.585640
            1.422633 15.653686 -211.588715 107.953407 -128.968506 -227.003738 94.634537
            1.430967 14.448025 -209.958084 107.688553 -130.344040 -224.953842 95.814629
            1.439300 13.086030 -208.324356 107.357445 -131.889633 -222.750092 97.132042
            1.447633 11.671696 -206.698471 107.001114 -133.479294 -220.509308 98.571831
            1.455967 10.345792 -205.039886 106.690727 -134.948181 -218.343979 100.113228
            1.464300 9.111063 -203.347549 106.428329 -136.291779 -216.259171 101.748009
            1.472633 7.988488 -201.597534 106.236870 -137.485764 -214.244644 103.426201
            1.480967 6.936245 -199.827286 106.001312 -138.580673 -212.252823 104.981766
            1.489300 5.942863 -198.047729 105.700226 -139.592758 -210.274857 106.396851
            1.497633 4.998860 -196.187531 105.328522 -140.534561 -208.234619 107.672287
        }
    }
}

Group MotionEventData
{
    MotionEventDataCount     2
    Group Event00
    {
        MotionEventType      1
        StartingTime         0.811691
        
        IndependentFlag      0
        AttachingEnable      0
        AttachingBoneName    "Bone101"
        FollowingEnable      0
        EffectFileName       "d:/ymir work/effect/mehok/monster/el/15.mse"
        EffectPosition       0.000000 -190.000000 0.000000
    }
    Group Event01
    {
        MotionEventType      4
        StartingTime         0.631315
        DuringTime           0.000000
        EnableHitProcess     0
        
        AttackType           0
        HittingType          2
        StiffenTime          0.000000
        InvisibleTime        0.000000
        ExternalForce        0.000000
        HitLimitCount        0
        CollisionType        4
        
        SphereDataCount      1
        Group SphereData00
        {
            Radius           200.000000
            Position         0.000000 -200.000000 80.000000
        }
    }
}
