ScriptType               MotionData

MotionFileName           "d:/ymir work/monster/orc_black/20.gr2"
MotionDuration           1.000000

Group AttackingData
{
    AttackType           0
    HittingType          2
    StiffenTime          0.000000
    InvisibleTime        0.300000
    ExternalForce        0.000000
    HitLimitCount        0
    
    MotionType           1
    HitDataCount         1
    Group HitData00
    {
        AttackingStartTime   0.321503
        AttackingEndTime     0.479319
        AttackingBone        "Box01"
        WeaponLength         132.000000
        List HitPosition
        {
            0.321503 -12.251312 124.536736 113.549561 95.750710 199.708603 103.120346
            0.329836 -24.909533 118.954742 110.185997 74.550407 203.512375 90.648514
            0.338170 -39.284149 110.232475 104.903740 47.191975 207.130142 81.308769
            0.346503 -54.236942 97.035736 97.783714 12.806926 208.289642 74.295616
            0.354836 -68.396652 79.096710 90.477020 -30.965204 203.937302 69.555504
            0.363170 -79.773712 56.125504 83.428909 -84.671875 186.926620 66.368073
            0.371503 -85.662720 28.510815 76.763367 -143.373764 146.496445 63.617237
            0.379836 -83.718948 -1.495161 71.194351 -190.400238 75.417603 59.901646
            0.388170 -74.604172 -30.144970 68.097420 -204.247177 -9.246358 54.682865
            0.396503 -58.854767 -56.023087 67.011635 -185.312637 -90.086075 50.515705
            0.404836 -36.803223 -77.199432 67.605087 -140.708023 -156.269699 48.222687
            0.413170 -10.627147 -91.425476 69.689438 -79.865219 -201.829559 48.688801
            0.421503 16.615742 -98.256401 72.798309 -11.430520 -225.742966 53.187637
            0.429836 43.901138 -97.013344 76.551521 60.449566 -226.875656 59.642178
            0.438170 69.216209 -86.317619 80.795746 130.913300 -202.134186 66.513573
            0.446503 86.113312 -68.495201 84.401230 184.711899 -155.349487 71.805977
            0.454836 93.190079 -51.350067 86.929604 214.082779 -103.379280 76.834755
            0.463170 94.460793 -38.882977 88.691483 225.024460 -57.543224 83.314064
            0.471503 93.418777 -31.964542 89.748947 225.058578 -22.308069 91.056221
        }
    }
}

