ScriptType               MotionData

MotionFileName           "d:/ymir work/monster/orc_black/20_1.gr2"
MotionDuration           1.000000

Group AttackingData
{
    AttackType           0
    HittingType          2
    StiffenTime          0.000000
    InvisibleTime        0.300000
    ExternalForce        0.000000
    HitLimitCount        0
    
    MotionType           1
    HitDataCount         1
    Group HitData00
    {
        AttackingStartTime   0.323591
        AttackingEndTime     0.519833
        AttackingBone        "Box01"
        WeaponLength         132.000000
        List HitPosition
        {
            0.323591 -25.469894 83.652542 250.309433 10.121894 -24.177061 317.614746
            0.331924 -34.174603 76.719475 250.368988 12.315146 -21.255682 325.625702
            0.340257 -50.915535 65.879204 247.002762 6.614784 -7.687965 340.287964
            0.348591 -71.789299 47.716232 238.336197 -20.649935 12.171042 354.720551
            0.356924 -90.613228 23.483585 223.602402 -74.027519 17.524595 354.420624
            0.365257 -103.035522 -7.070044 202.114899 -138.504684 -6.750746 329.259796
            0.373591 -103.054947 -42.321384 173.522690 -187.486649 -66.080650 272.167328
            0.381924 -86.027618 -74.142006 143.768280 -187.603500 -141.215500 194.831802
            0.390257 -60.372993 -93.942894 122.349701 -144.022079 -195.720352 130.607162
            0.398591 -35.233395 -103.531853 107.964165 -85.870506 -223.509720 86.395546
            0.406924 -14.660533 -107.135208 98.319839 -31.362524 -232.483841 60.467896
            0.415257 1.955217 -107.007156 91.076050 15.153621 -229.766373 44.386017
            0.423591 15.519501 -103.845772 85.002998 53.933590 -218.585388 32.247303
            0.431924 26.078922 -98.656235 79.598289 84.839729 -202.131012 22.465582
            0.440257 33.964916 -92.088074 74.523682 108.675224 -182.438248 13.867114
            0.448591 40.282928 -84.678116 70.278267 127.475220 -160.707489 6.709114
            0.456924 45.521801 -77.085892 67.028015 142.200378 -138.575592 1.482017
            0.465257 50.015556 -69.708694 64.666199 153.734238 -117.180328 -1.763214
            0.473591 54.104420 -62.704521 63.097038 162.873032 -97.232826 -3.244308
            0.481924 58.091068 -56.099251 62.341473 169.985535 -79.598434 -3.623821
            0.490257 62.199181 -49.809517 62.400093 175.856293 -64.395317 -3.123245
            0.498591 66.555664 -43.711391 63.338791 181.089798 -51.442890 -1.823753
            0.506924 70.479408 -38.014355 64.769600 185.393875 -40.546104 -0.132225
            0.515257 72.869629 -33.518730 65.709587 188.040192 -32.178104 1.227524
        }
    }
}

